5 0.09765625 0.0984375 0.0951171875 0.133984375
5 0.1296875 0.2328125 0.2591796875 0.333984375
5 0.27109375 0.11328125 0.125 0.1451171875
5 0.46328125 0.103125 0.0669921875 0.096875
5 0.62421875 0.103125 0.0548828125 0.0560546875
5 0.76328125 0.09375 0.0580078125 0.0998046875
5 0.89765625 0.12421875 0.0515625 0.0703125
5 0.54375 0.3234375 0.124609375 0.1689453125
5 0.6421875 0.30625 0.0689453125 0.1279296875
5 0.80390625 0.3125 0.0544921875 0.124609375
5 0.92265625 0.26640625 0.0919921875 0.1611328125
5 0.16015625 0.603125 0.0734375 0.1251953125
5 0.3390625 0.553125 0.075 0.099609375
5 0.53828125 0.53359375 0.0580078125 0.1140625
5 0.6921875 0.5265625 0.0625 0.115234375
5 0.82265625 0.49765625 0.0580078125 0.1859375
5 0.90859375 0.61796875 0.1705078125 0.4453125
5 0.77890625 0.8171875 0.1455078125 0.1345703125
5 0.54375 0.8328125 0.074609375 0.1123046875
5 0.39453125 0.86796875 0.0955078125 0.1107421875
5 0.1578125 0.921875 0.1375 0.103125
