8 0.275 0.31979166666666664 0.19453125 0.34270833333333334
8 0.1640625 0.48333333333333334 0.221875 0.14583333333333334
8 0.13515625 0.396875 0.1359375 0.15416666666666667
8 0.44375 0.13333333333333333 0.146875 0.26666666666666666
8 0.76875 0.4375 0.275 0.2375
8 0.57734375 0.45 0.1171875 0.2125
8 0.6421875 0.06666666666666667 0.10625 0.13333333333333333
8 0.93359375 0.4010416666666667 0.1296875 0.3104166666666667
8 0.2234375 0.778125 0.446875 0.4395833333333333
8 0.3484375 0.690625 0.3375 0.26458333333333334
8 0.75859375 0.778125 0.4796875 0.4395833333333333