8 0.12890625 0.321875 0.2578125 0.43125
8 0.22890625 0.14895833333333333 0.0578125 0.25625
8 0.6484375 0.28125 0.7 0.5125
8 0.11875 0.8052083333333333 0.12265625 0.18541666666666667
8 0.03515625 0.8572916666666667 0.0703125 0.19791666666666666
8 0.19765625 0.9145833333333333 0.1203125 0.16666666666666666
8 0.0453125 0.5864583333333333 0.090625 0.09375
8 0.23125 0.6020833333333333 0.053125 0.125
8 0.1609375 0.5614583333333333 0.13125 0.04375
8 0.4390625 0.8083333333333333 0.359375 0.2875
8 0.72421875 0.9010416666666666 0.2359375 0.19375
8 0.765625 0.6614583333333334 0.290625 0.24375