8 0.1421875 0.5677083333333334 0.11171875 0.078125
8 0.21640625 0.5947916666666667 0.13984375 0.057291666666666664
8 0.375 0.5802083333333333 0.16796875 0.07604166666666666
8 0.5171875 0.5895833333333333 0.12578125 0.075
8 0.63828125 0.5697916666666667 0.13515625 0.053125
8 0.684375 0.6166666666666667 0.14921875 0.071875
8 0.778125 0.56875 0.12578125 0.06041666666666667
8 0.8421875 0.615625 0.1375 0.04791666666666667
8 0.0671875 0.5875 0.07890625 0.08541666666666667
8 0.10390625 0.6614583333333334 0.175 0.07708333333333334
8 0.24140625 0.7208333333333333 0.2953125 0.15104166666666666
8 0.45859375 0.7229166666666667 0.2375 0.13958333333333334
8 0.6953125 0.7354166666666667 0.23046875 0.12708333333333333
8 0.89921875 0.740625 0.20078125 0.134375
8 0.21640625 0.8822916666666667 0.3125 0.225
8 0.5734375 0.86875 0.33515625 0.25625
8 0.8734375 0.8979166666666667 0.2515625 0.18333333333333332
8 0.93828125 0.584375 0.07890625 0.013541666666666667