8 0.1125 0.06979166666666667 0.225 0.13958333333333334
8 0.37265625 0.1375 0.2328125 0.275
8 0.56640625 0.09895833333333333 0.1828125 0.19791666666666666
8 0.0359375 0.32395833333333335 0.071875 0.36041666666666666
8 0.17265625 0.23958333333333334 0.23359375 0.38333333333333336
8 0.5203125 0.31875 0.2375 0.375
8 0.303125 0.421875 0.2375 0.16875
8 0.52109375 0.321875 0.2515625 0.36875
8 0.3125 0.4166666666666667 0.225 0.17916666666666667
8 0.38125 0.8 0.553125 0.3958333333333333
8 0.825 0.753125 0.33125 0.4895833333333333