8 0.05625 0.3385416666666667 0.1125 0.3145833333333333
8 0.14921875 0.18125 0.2984375 0.3
8 0.2125 0.42916666666666664 0.265625 0.25416666666666665
8 0.75390625 0.278125 0.4890625 0.55625
8 0.31796875 0.6822916666666666 0.1390625 0.23541666666666666
8 0.14921875 0.609375 0.2421875 0.10208333333333333
8 0.14765625 0.725 0.271875 0.190625
8 0.2953125 0.8489583333333334 0.184375 0.15208333333333332
8 0.93203125 0.878125 0.1328125 0.18541666666666667
8 0.790625 0.8270833333333333 0.1265625 0.18958333333333333
8 0.70859375 0.6708333333333333 0.1203125 0.16979166666666667
8 0.82578125 0.6677083333333333 0.1109375 0.175