8 0.4515625 0.3260416666666667 0.21875 0.22291666666666668
8 0.2078125 0.36770833333333336 0.196875 0.13958333333333334
8 0.16484375 0.14166666666666666 0.2140625 0.2833333333333333
8 0.41875 0.09166666666666666 0.190625 0.18333333333333332
8 0.7953125 0.19583333333333333 0.08125 0.121875
8 0.9375 0.22395833333333334 0.06875 0.059375
8 0.415625 0.7541666666666667 0.325 0.4875
8 0.221875 0.684375 0.3875 0.4895833333333333
8 0.5125 0.6802083333333333 0.13125 0.48125
8 0.94140625 0.56875 0.1140625 0.21666666666666667
8 0.9390625 0.9072916666666667 0.11875 0.18125
8 0.734375 0.9666666666666667 0.28125 0.0625