8 0.20625 0.22395833333333334 0.4125 0.4479166666666667
8 0.85234375 0.2375 0.13203125 0.09270833333333334
8 0.7828125 0.3697916666666667 0.14375 0.08541666666666667
8 0.86171875 0.428125 0.1046875 0.03958333333333333
8 0.665625 0.43020833333333336 0.1625 0.035416666666666666
8 0.36171875 0.6760416666666667 0.1921875 0.45208333333333334
8 0.26015625 0.65 0.3078125 0.4
8 0.3203125 0.9260416666666667 0.275 0.14375
8 0.7515625 0.9427083333333334 0.378125 0.11041666666666666
8 0.5359375 0.878125 0.153125 0.23958333333333334
8 0.78984375 0.7666666666666667 0.40625 0.28229166666666666
8 0.58671875 0.603125 0.2546875 0.30625