8 0.0578125 0.5145833333333333 0.115625 0.16666666666666666
8 0.2 0.25416666666666665 0.34609375 0.4322916666666667
8 0.07578125 0.4375 0.1515625 0.2916666666666667
8 0.10234375 0.159375 0.2046875 0.31875
8 0.48125 0.30625 0.184375 0.5833333333333334
8 0.68125 0.32083333333333336 0.33125 0.5541666666666667
8 0.878125 0.203125 0.240625 0.40625
8 0.946875 0.471875 0.103125 0.2520833333333333
8 0.67109375 0.04791666666666667 0.2171875 0.09583333333333334
8 0.16640625 0.7989583333333333 0.3328125 0.39791666666666664
8 0.77109375 0.7989583333333333 0.3640625 0.39791666666666664