8 0.08828125 0.040625 0.1765625 0.08125
8 0.97265625 0.29375 0.0515625 0.2916666666666667
8 0.92265625 0.16979166666666667 0.1515625 0.33958333333333335
8 0.653125 0.240625 0.146875 0.22291666666666668
8 0.63359375 0.4427083333333333 0.1078125 0.16875
8 0.91796875 0.45416666666666666 0.1609375 0.14583333333333334
8 0.240625 0.7822916666666667 0.12890625 0.17604166666666668
8 0.3390625 0.7958333333333333 0.08203125 0.16875
8 0.18046875 0.9458333333333333 0.075 0.07604166666666666
8 0.49921875 0.5354166666666667 0.0703125 0.0125
8 0.7140625 0.8385416666666666 0.26875 0.31875