8 0.171875 0.35833333333333334 0.278125 0.15833333333333333
8 0.30390625 0.21145833333333333 0.2078125 0.41458333333333336
8 0.09921875 0.26875 0.1984375 0.20833333333333334
8 0.44140625 0.296875 0.0640625 0.21041666666666667
8 0.53359375 0.21145833333333333 0.13984375 0.22291666666666668
8 0.69140625 0.14166666666666666 0.12109375 0.22708333333333333
8 0.88359375 0.2 0.153125 0.21458333333333332
8 0.84453125 0.36875 0.1484375 0.1375
8 0.721875 0.3885416666666667 0.1125 0.09791666666666667
8 0.81171875 0.08125 0.1171875 0.1625
8 0.69140625 0.030208333333333334 0.1234375 0.06041666666666667
8 0.503125 0.3770833333333333 0.159375 0.12083333333333333
8 0.909375 0.025 0.10625 0.05
8 0.89921875 0.8520833333333333 0.1984375 0.2916666666666667
8 0.6046875 0.8177083333333334 0.24609375 0.34479166666666666
8 0.4515625 0.7510416666666667 0.084375 0.33958333333333335
8 0.53671875 0.5739583333333333 0.23984375 0.23958333333333334