8 0.125 0.26875 0.09375 0.14479166666666668
8 0.078125 0.17708333333333334 0.0890625 0.11458333333333333
8 0.23984375 0.22604166666666667 0.08515625 0.11458333333333333
8 0.06953125 0.121875 0.05234375 0.052083333333333336
8 0.73359375 0.25729166666666664 0.4453125 0.33958333333333335
8 0.078125 0.878125 0.15625 0.23958333333333334
8 0.23984375 0.8333333333333334 0.2578125 0.33125
8 0.30390625 0.6864583333333333 0.1484375 0.3145833333333333
8 0.0609375 0.7635416666666667 0.121875 0.24791666666666667
8 0.121875 0.64375 0.23359375 0.2604166666666667
8 0.2578125 0.53125 0.1890625 0.2
8 0.32890625 0.475 0.0984375 0.09166666666666666
8 0.70546875 0.7583333333333333 0.5859375 0.4791666666666667