8 0.08984375 0.5375 0.1796875 0.17916666666666667
8 0.45 0.47291666666666665 0.15625 0.25833333333333336
8 0.32265625 0.534375 0.1796875 0.18541666666666667
8 0.1171875 0.303125 0.19375 0.28854166666666664
8 0.21171875 0.43645833333333334 0.1328125 0.2125
8 0.3015625 0.2791666666666667 0.1203125 0.221875
8 0.42734375 0.25625 0.2015625 0.28020833333333334
8 0.49453125 0.16875 0.0671875 0.30416666666666664
8 0.2453125 0.190625 0.17265625 0.19583333333333333
8 0.3796875 0.07291666666666667 0.18125 0.14583333333333334
8 0.63046875 0.4354166666666667 0.2015625 0.38333333333333336
8 0.2359375 0.8135416666666667 0.471875 0.36875
8 0.86328125 0.7489583333333333 0.18046875 0.19479166666666667
8 0.8765625 0.9416666666666667 0.209375 0.1125
8 0.946875 0.8854166666666666 0.103125 0.12916666666666668