8 0.16796875 0.471875 0.1796875 0.23125
8 0.08828125 0.096875 0.1046875 0.146875
8 0.5765625 0.290625 0.60625 0.58125
8 0.2875 0.8604166666666667 0.05625 0.22083333333333333
8 0.3453125 0.6489583333333333 0.125 0.11875
8 0.278125 0.6770833333333334 0.0375 0.175
8 0.42890625 0.7447916666666666 0.12734375 0.20729166666666668
8 0.55390625 0.68125 0.1421875 0.18333333333333332
8 0.71171875 0.646875 0.1234375 0.11458333333333333
8 0.90390625 0.6729166666666667 0.1546875 0.16666666666666666
8 0.86484375 0.8729166666666667 0.1484375 0.25
8 0.7421875 0.8927083333333333 0.1125 0.21041666666666667
8 0.5234375 0.88125 0.159375 0.23333333333333334
8 0.30234375 0.9708333333333333 0.0859375 0.05416666666666667
8 0.621875 0.9739583333333334 0.11875 0.04791666666666667