8 0.18203125 0.45 0.0921875 0.03333333333333333
8 0.43515625 0.36041666666666666 0.0671875 0.14166666666666666
8 0.4296875 0.4479166666666667 0.059375 0.0375
8 0.36171875 0.40625 0.0796875 0.09583333333333334
8 0.16484375 0.29375 0.03984375 0.057291666666666664
8 0.54921875 0.12395833333333334 0.0390625 0.24791666666666667
8 0.7765625 0.159375 0.178125 0.31875
8 0.646875 0.04583333333333333 0.175 0.09166666666666666
8 0.64453125 0.23020833333333332 0.13984375 0.29375
8 0.22578125 0.621875 0.4515625 0.30625
8 0.1296875 0.91875 0.259375 0.15833333333333333
8 0.38984375 0.8697916666666666 0.2765625 0.25625
8 0.4984375 0.6239583333333333 0.059375 0.28541666666666665
8 0.61796875 0.9458333333333333 0.1765625 0.10416666666666667
8 0.8359375 0.7739583333333333 0.184375 0.228125
8 0.92421875 0.9322916666666666 0.1484375 0.13125