8 0.48515625 0.18125 0.11796875 0.159375
8 0.57421875 0.4239583333333333 0.1484375 0.08541666666666667
8 0.53359375 0.06145833333333333 0.1265625 0.12291666666666666
8 0.69609375 0.042708333333333334 0.1359375 0.08541666666666667
8 0.715625 0.15208333333333332 0.13984375 0.16145833333333334
8 0.78203125 0.33229166666666665 0.125 0.16666666666666666
8 0.69765625 0.42083333333333334 0.1109375 0.09166666666666666
8 0.646875 0.3072916666666667 0.1421875 0.184375
8 0.90703125 0.253125 0.13515625 0.17916666666666667
8 0.96484375 0.10833333333333334 0.0671875 0.175
8 0.84453125 0.07916666666666666 0.1328125 0.15833333333333333
8 0.9234375 0.425 0.15 0.08333333333333333
8 0.215625 0.6822916666666666 0.1453125 0.26875
8 0.66640625 0.6541666666666667 0.3828125 0.37083333333333335