8 0.196875 0.23854166666666668 0.17734375 0.22291666666666668
8 0.2796875 0.37604166666666666 0.096875 0.10208333333333333
8 0.29921875 0.140625 0.0578125 0.23541666666666666
8 0.56640625 0.21354166666666666 0.4515625 0.4270833333333333
8 0.1640625 0.7375 0.328125 0.5208333333333334
8 0.421875 0.6239583333333333 0.184375 0.38958333333333334
8 0.60859375 0.6739583333333333 0.26171875 0.36041666666666666
8 0.67890625 0.5322916666666667 0.2265625 0.20625
8 0.5328125 0.9322916666666666 0.259375 0.13125
8 0.828125 0.9604166666666667 0.23125 0.075
8 0.8578125 0.6541666666666667 0.17578125 0.30520833333333336