8 0.8984375 0.07916666666666666 0.2 0.15833333333333333
8 0.10703125 0.9041666666666667 0.2140625 0.1875
8 0.1765625 0.6 0.1921875 0.346875
8 0.34765625 0.775 0.20625 0.3375
8 0.49453125 0.7020833333333333 0.1078125 0.32083333333333336
8 0.48515625 0.9270833333333334 0.1265625 0.14166666666666666
8 0.3375 0.9625 0.23125 0.07083333333333333
8 0.046875 0.5 0.09375 0.32083333333333336
8 0.378125 0.48333333333333334 0.19375 0.2875
8 0.49453125 0.43125 0.1078125 0.18333333333333332
8 0.15078125 0.3885416666666667 0.2140625 0.09791666666666667
8 0.69453125 0.66875 0.2890625 0.6583333333333333