8 0.103125 0.190625 0.1796875 0.134375
8 0.11953125 0.29791666666666666 0.14921875 0.11354166666666667
8 0.23984375 0.33229166666666665 0.13359375 0.10416666666666667
8 0.2484375 0.2375 0.1109375 0.08958333333333333
8 0.08671875 0.35520833333333335 0.15078125 0.115625
8 0.73984375 0.30833333333333335 0.5171875 0.6166666666666667
8 0.278125 0.6541666666666667 0.1 0.07083333333333333
8 0.1921875 0.6395833333333333 0.13125 0.041666666666666664
8 0.309375 0.7145833333333333 0.0375 0.125
8 0.2375 0.7125 0.14296875 0.121875
8 0.26953125 0.8072916666666666 0.1171875 0.08541666666666667