8 0.22421875 0.253125 0.4484375 0.50625
8 0.7484375 0.221875 0.5 0.44375
8 0.06875 0.7166666666666667 0.1375 0.19583333333333333
8 0.196875 0.6625 0.184375 0.15
8 0.07265625 0.603125 0.1453125 0.11041666666666666
8 0.059375 0.8677083333333333 0.11875 0.134375
8 0.04296875 0.9677083333333333 0.0859375 0.06041666666666667
8 0.3203125 0.9760416666666667 0.153125 0.04375
8 0.565625 0.9125 0.23125 0.17083333333333334
8 0.72578125 0.8927083333333333 0.2140625 0.21041666666666667
8 0.9015625 0.9354166666666667 0.19375 0.125
8 0.93125 0.853125 0.134375 0.15208333333333332