2 0.23616071428571428 0.501875 0.3081696428571429 0.6379464285714286
2 0.5537053571428572 0.4867410714285714 0.35281250000000003 0.4954017857142857
2 0.8924107142857143 0.17642857142857143 0.21513392857142857 0.23473214285714286
2 0.6675000000000001 0.8369642857142857 0.27504464285714286 0.3260267857142857
2 0.43924107142857144 0.7837053571428572 0.23330357142857142 0.43258928571428573
2 0.26138392857142856 0.2858482142857143 0.26066964285714284 0.5198660714285714
2 0.06625 0.5371428571428571 0.1325 0.4521875
2 0.20522321428571427 0.9025 0.24049107142857143 0.195
2 0.6768303571428572 0.16776785714285714 0.19875 0.18575892857142856
2 0.5486607142857143 0.21888392857142858 0.19299107142857141 0.43776785714285715
2 0.38883928571428567 0.07991071428571428 0.23906249999999998 0.15986607142857143
2 0.8057142857142857 0.535 0.1972767857142857 0.393125
