2 0.42883211678832117 0.5303619729514717 0.3710453597497393 0.3632975338106603
2 0.7325338894681961 0.7047215592680987 0.24678571428571427 0.5661614956245028
2 0.867570385818561 0.43423627684964206 0.264859228362878 0.22673031026252982
2 0.5335427528675704 0.213472553699284 0.291970802919708 0.4269411296738265
2 0.7003832116788321 0.1823110580747812 0.267640771637122 0.34340891010342084
2 0.894507299270073 0.19689737470167065 0.2109827945776851 0.3937947494033413
2 0.5339754953076121 0.8453977724741447 0.18161366006256516 0.309200477326969
2 0.9449087591240876 0.8076093874303898 0.11018508863399375 0.38477724741447894
2 0.32064650677789364 0.7817541766109785 0.3197784150156413 0.4364876690533015
2 0.3488868613138686 0.5880389817024662 0.3953779979144943 0.2903739061256961
2 0.08168143899895725 0.5747812251392204 0.1633654848800834 0.3089379474940334
2 0.10775026068821689 0.8294868735083532 0.2155031282586027 0.3410222752585521
2 0.2376616266944734 0.1259626093874304 0.3275990615224192 0.25192124105011937
2 0.04822732012513034 0.2817541766109785 0.09645464025026068 0.5635123309466985
