5 0.296875 0.25859375 0.1328125 0.40859375
5 0.3703125 0.20390625 0.13515625 0.2828125
5 0.46875 0.290625 0.1046875 0.34609375
5 0.50078125 0.4875 0.13984375 0.28671875
5 0.3875 0.57265625 0.109375 0.3109375
5 0.24140625 0.425 0.0953125 0.3109375
5 0.5703125 0.28515625 0.09453125 0.2796875
5 0.6328125 0.3734375 0.13671875 0.26953125
5 0.7671875 0.33984375 0.115625 0.234375
5 0.7171875 0.5328125 0.121875 0.159375
5 0.6625 0.57109375 0.09921875 0.32109375
5 0.56796875 0.68984375 0.08046875 0.15703125
